0	0.670000017	0.75	2000	180	270	15	0.00249999994
1	0.800000012	0.850000024	2000	180	270	15	0.00249999994
2	0.800000012	0.850000024	2000	180	270	15	0.00249999994
3	0.800000012	0.850000024	2000	180	270	15	0.00249999994
4	0.800000012	0.850000024	2000	180	270	15	0.00249999994
5	0.800000012	0.850000024	2000	180	270	15	0.00249999994
6	0.800000012	0.850000024	2000	180	270	15	0.00249999994
7	0.800000012	0.850000024	2000	180	270	15	0.00249999994
8	0.800000012	0.850000024	2000	180	270	15	0.00230000005
9	0.800000012	0.850000024	2000	180	270	25	0.00249999994
10	0.800000012	0.850000024	2000	180	270	25	0.00249999994
11	0.800000012	0.850000024	2000	180	270	25	0.00249999994
12	0.800000012	0.850000024	2000	180	270	25	0.00249999994
13	0.800000012	0.850000024	2000	180	270	15	0.00249999994
14	0.800000012	0.850000024	2000	180	270	15	0.00249999994
15	0.800000012	0.899999976	2000	180	270	25	0.00200000009
16	0.800000012	0.850000024	2000	180	270	15	0.00249999994
17	0.800000012	0.850000024	2000	180	270	25	0.00249999994
18	0.800000012	0.850000024	2000	180	270	25	0.00249999994
19	0.800000012	0.850000024	2000	180	270	15	0.00249999994
20	0.800000012	0.850000024	2000	180	270	15	0.00249999994
21	0.800000012	0.850000024	2000	180	270	25	0.00249999994
22	0.800000012	0.850000024	2000	180	270	15	0.00249999994
23	0.800000012	0.850000024	2000	180	270	25	0.00249999994
24	0.730000019	0.800000012	2000	180	90	15	0.0027999999
25	0.800000012	0.850000024	2000	180	270	25	0.00249999994
26	0.649999976	0.779999971	2000	180	270	10	0.00240000011
27	0.800000012	0.850000024	2000	180	270	15	0.00249999994
28	0.800000012	0.850000024	2000	180	270	10	0.00249999994
29	0.800000012	0.850000024	2000	180	270	15	0.00249999994
30	0.800000012	0.850000024	2000	180	270	15	0.00249999994
31	0.800000012	0.850000024	2000	180	270	25	0.00249999994
32	0.5	0.600000024	2000	-90	0	0	0.00350000011
33	0.5	0.600000024	2000	0	0	0	0.00350000011
34	0.5	0.600000024	2000	0	0	0	0.00350000011
35	0.5	0.600000024	2000	0	0	0	0.00300000003
36	0.800000012	0.850000024	2000	180	270	15	0.00249999994
37	0.800000012	0.850000024	2000	180	270	25	0.00249999994
39	0.589999974	0.189999998	2000	0	90	0	0.00179999997
40	0.5	0.5	2000	-90	0	0	0.00249999994
41	0.519999981	0.850000024	2000	180	90	0	0.00219999999
512	0.800000012	0.699999988	2000	180	270	15	0.00249999994
513	0.800000012	0.699999988	2000	180	270	15	0.00249999994
514	0.800000012	0.699999988	2000	180	270	15	0.00249999994
515	0.800000012	0.699999988	2000	180	270	15	0.00249999994
516	0.800000012	0.699999988	2000	180	270	15	0.00249999994
517	0.800000012	0.699999988	2000	180	270	25	0.00249999994
518	0.800000012	0.699999988	2000	180	270	25	0.00249999994
519	0.800000012	0.699999988	2000	180	270	25	0.00249999994
520	0.800000012	0.699999988	2000	180	270	25	0.00249999994
1024	0.800000012	0.699999988	2000	180	270	15	0.00249999994
1025	0.800000012	0.699999988	2000	180	270	15	0.00249999994
1026	0.800000012	0.699999988	2000	180	270	15	0.00249999994
1027	0.800000012	0.720000029	2000	180	270	25	0.00249999994
1028	0.800000012	0.699999988	2000	180	270	15	0.00249999994
1029	0.800000012	0.829999983	2000	180	270	25	0.00240000011
1030	0.800000012	0.800000012	2000	180	270	25	0.00240000011
1031	0.800000012	0.699999988	2000	180	270	15	0.00249999994
1032	0.800000012	0.75	2000	180	270	15	0.00300000003
1033	0.800000012	0.75	2000	180	270	15	0.0027999999
1034	0.670000017	0.649999976	2000	180	270	15	0.00270000007
1035	0.620000005	0.600000024	2000	180	270	10	0.0027999999
1036	0.649999976	0.670000017	2000	180	270	12	0.00230000005
1037	0.600000024	0.5	2000	180	270	10	0.00240000011
1038	0.649999976	0.540000021	2000	180	90	13	0.00240000011
1039	0.75	0.649999976	2000	180	90	13	0.00240000011
1040	0.699999988	0.730000019	2000	180	270	15	0.00240000011
1041	0.730000019	0.689999998	2000	180	270	15	0.00240000011
1042	0.800000012	0.649999976	2000	180	90	12	0.00240000011
1043	0.800000012	0.699999988	2000	180	270	15	0.00249999994
1044	0.800000012	0.699999988	2000	180	270	25	0.00249999994
1045	0.5	0.200000003	2000	0	0	0	0.00249999994
1536	0.600000024	0.600000024	2000	0	90	20	0.00200000009
1537	0.600000024	0.649999976	2000	180	270	25	0.00209999993
1538	0.769999981	0.800000012	2000	180	270	25	0.00209999993
1539	0.670000017	0.649999976	2000	180	270	25	0.00200000009
1540	0.699999988	0.699999988	2000	180	270	25	0.00200000009
1541	0.649999976	0.639999986	2000	180	270	25	0.00200000009
1542	0.670000017	0.639999986	2000	180	270	25	0.00200000009
1543	0.600000024	0.569999993	2000	180	270	25	0.00200000009
1544	0.699999988	0.670000017	2000	180	270	25	0.00200000009
1545	0.600000024	0.649999976	2000	180	270	25	0.00209999993
1546	0.699999988	0.699999988	2000	180	270	20	0.00170000002
1547	0.600000024	0.649999976	2000	180	90	15	0.00249999994
1548	0.600000024	0.649999976	2000	180	270	25	0.00209999993
2048	0.5	0.600000024	2000	180	270	25	0.00249999994
2049	0.5	0.600000024	2000	180	270	25	0.00249999994
2050	0.5	0.600000024	2000	180	270	25	0.00249999994
2051	0.5	0.600000024	2000	180	270	25	0.00249999994
2052	0.5	0.600000024	2000	180	270	25	0.00249999994
2053	0.5	0.600000024	2000	180	270	25	0.00249999994
2054	0.5	0.600000024	2000	180	270	25	0.00249999994
2055	0.5	0.600000024	2000	0	270	15	0.00120000006
2056	0.649999976	0.730000019	2000	90	180	29	0.00240000011
2057	0.600000024	0.779999971	2000	90	180	26	0.00240000011
2058	0.699999988	0.699999988	2000	90	180	20	0.00249999994
2059	0.699999988	0.699999988	2000	90	180	20	0.00249999994
2060	0.689999998	0.75	2000	90	180	20	0.00240000011
2061	0.689999998	0.75	2000	90	180	20	0.00240000011
2062	0.689999998	0.75	2000	90	180	20	0.00240000011
2063	0.699999988	0.699999988	2000	0	270	15	0.00109999999
2064	0.699999988	0.699999988	2000	90	180	20	0.00249999994
2065	0.5	0.5	2000	0	90	15	0.00249999994
2066	0.689999998	0.800000012	2000	90	180	20	0.00240000011
2067	0.699999988	0.75	2000	90	180	20	0.00200000009
2068	0.5	0.550000012	2000	180	-90	15	0.00249999994
2069	0.540000021	0.49000001	2000	180	-90	15	0.00209999993
2070	0.310000002	0.540000021	2000	180	-90	15	0.00200000009
2071	0.310000002	0.540000021	2000	180	-90	15	0.00310000009
2072	0.409999996	0.569999993	2000	180	-90	15	0.00230000005
2073	0.439999998	0.540000021	2000	180	-90	15	0.00240000011
2074	0.699999988	0.699999988	2000	90	180	20	0.00200000009
2075	0.5	0.5	2000	0	90	0	0.00249999994
2560	0.600000024	0.550000012	2000	180	270	15	0.00219999999
2561	0.600000024	0.550000012	2000	180	270	25	0.00219999999
2562	0.600000024	0.550000012	2000	180	270	25	0.00219999999
2563	0.600000024	0.550000012	2000	180	270	25	0.00219999999
2564	0.600000024	0.550000012	2000	180	270	25	0.00219999999
2565	0.600000024	0.550000012	2000	180	270	15	0.00219999999
2566	0.600000024	0.550000012	2000	180	270	15	0.00219999999
2567	0.600000024	0.550000012	2000	180	270	25	0.00219999999
2568	0.600000024	0.550000012	2000	180	270	25	0.00219999999
2569	0.600000024	0.550000012	2000	180	270	15	0.00219999999
2570	0.600000024	0.550000012	2000	180	90	15	0.00190000003
2571	0.600000024	0.550000012	2000	180	270	15	0.00219999999
2572	0.839999974	0.769999981	2000	180	0	8	0.00209999993
2573	0.800000012	0.5	2000	180	90	8	0.00209999993
2574	0.600000024	0.469999999	2000	180	270	15	0.00270000007
2575	0.600000024	0.550000012	2000	180	270	15	0.0027999999
2576	0.600000024	0.550000012	2000	180	270	15	0.0027999999
2577	0.829999983	0.50999999	2000	180	270	15	0.0027999999
2578	0.800000012	0.550000012	2000	180	270	15	0.00270000007
2579	0.439999998	0.600000024	2000	180	270	15	0.0027999999
2580	0.600000024	0.550000012	2000	180	270	15	0.0027999999
2581	0.600000024	0.550000012	2000	0	0	0	0.00400000019
2582	0.600000024	0.550000012	2000	0	0	0	0.00400000019
2583	0.519999981	0.550000012	2000	0	0	0	0.00400000019
2590	0.600000024	0.550000012	2000	180	90	10	0.00219999999
2591	0.600000024	0.550000012	2000	180	90	10	0.00219999999
2592	0.600000024	0.550000012	2000	180	270	15	0.00219999999
2593	0.779999971	0.670000017	2000	180	90	10	0.0027999999
2594	0.600000024	0.649999976	2000	180	90	10	0.00270000007
2595	0.600000024	0.569999993	2000	180	270	15	0.00219999999
2596	0.670000017	0.49000001	2000	180	270	15	0.00230000005
2597	0.600000024	0.550000012	2000	180	270	25	0.00219999999
2598	0.600000024	0.550000012	2000	180	270	15	0.00219999999
2599	0.600000024	0.550000012	2000	180	270	15	0.0027999999
2600	0.600000024	0.550000012	2000	0	0	0	0.00400000019
3072	0.5	0.600000024	2000	270	270	0	0.00249999994
3073	0.5	0.600000024	2000	270	270	0	0.00249999994
3074	0.5	0.600000024	2000	270	270	0	0.00249999994
3075	0.5	0.600000024	2000	270	270	0	0.00249999994
3076	0.5	0.600000024	2000	270	270	0	0.00249999994
3077	0.5	0.600000024	2000	270	270	0	0.00249999994
3078	0.5	0.730000019	2000	270	270	0	0.00249999994
3079	0.5	0.699999988	2000	270	270	0	0.00240000011
3080	0.5	0.600000024	2000	270	270	0	0.00249999994
3081	0.5	0.600000024	2000	270	270	0	0.00249999994
3082	0.5	0.540000021	2000	270	270	0	0.00249999994
3083	0.5	0.600000024	2000	270	270	0	0.00249999994
3084	0.5	0.600000024	2000	270	270	0	0.00249999994
3085	0.5	0.600000024	2000	270	270	0	0.00249999994
3086	0.439999998	0.730000019	2000	270	270	0	0.00249999994
3087	0.5	0.75	2000	270	270	0	0.00249999994
3088	0.5	0.899999976	2000	270	270	0	0.00249999994
3089	0.5	0.600000024	2000	270	270	0	0.00249999994
3090	0.5	0.600000024	2000	270	270	0	0.00249999994
3091	0.5	0.600000024	2000	270	270	0	0.00249999994
3092	0.5	0.600000024	2000	270	270	0	0.00249999994
3093	0.540000021	0.579999983	2000	270	270	0	0.00249999994
3094	0.360000014	0.600000024	2000	-90	-90	0	0.00200000009
3095	0.469999999	0.649999976	2000	-90	-90	0	0.00270000007
3096	0.469999999	0.569999993	2000	-90	-90	0	0.00270000007
3097	0.49000001	0.600000024	2000	-90	-90	0	0.00270000007
3098	0.439999998	0.540000021	2000	-90	-90	0	0.00230000005
3099	0.439999998	0.730000019	2000	270	270	0	0.00249999994
3100	0.5	0.600000024	2000	270	270	0	0.00249999994
3584	0.5	0.800000012	2000	270	-10	0	0.00389999989
3585	0.5	0.800000012	2000	270	-10	0	0.00380000006
3586	0.5	0.800000012	2000	270	-10	0	0.00389999989
3587	0.5	0.800000012	2000	270	-10	0	0.00389999989
3588	0.5	0.800000012	2000	270	-10	0	0.00389999989
3589	0.5	0.800000012	2000	270	-10	0	0.00389999989
3590	0.5	0.800000012	2000	270	-10	0	0.00389999989
3591	0.5	0.800000012	2000	270	-10	0	0.00389999989
3592	0.5	0.800000012	2000	270	-10	0	0.00389999989
3593	0.5	0.800000012	2000	270	-10	0	0.00389999989
3594	0.5	0.800000012	2000	270	-10	0	0.00389999989
3595	0.5	0.800000012	2000	270	-10	0	0.00389999989
3596	0.5	0.800000012	2000	270	-46	0	0.00380000006
3597	0.5	0.800000012	2000	270	-10	0	0.00389999989
3598	0.5	0.800000012	2000	270	-10	0	0.00389999989
3600	0.5	0.800000012	2000	270	-10	0	0.00389999989
3601	0.5	0.800000012	2000	270	-10	0	0.00389999989
3602	0.5	0.800000012	2000	270	-10	0	0.00380000006
3603	0.5	0.800000012	2000	270	-10	0	0.00389999989
3605	0.5	0.800000012	2000	270	-10	0	0.00389999989
3606	0.5	0.800000012	2000	270	-10	0	0.00389999989
3608	0.5	0.800000012	2000	270	-10	0	0.00389999989
3609	0.5	0.800000012	2000	270	-10	0	0.00389999989
3610	0.5	0.800000012	2000	270	-10	0	0.00389999989
3611	0.5	0.800000012	2000	270	-10	0	0.00389999989
3612	0.5	0.800000012	2000	270	-10	0	0.00389999989
3613	0.5	0.800000012	2000	270	-10	0	0.00389999989
3614	0.5	0.800000012	2000	-90	0	0	0.00389999989
3615	0.5	0.800000012	2000	-90	0	0	0.00700000022
3617	0.5	0.800000012	2000	270	-10	0	0.00389999989
3618	0.5	0.800000012	2000	270	-10	0	0.00389999989
3619	0.5	0.800000012	2000	-90	22	0	0.00380000006
3620	0.5	0.800000012	2000	270	-10	0	0.00389999989
3622	0.5	0.800000012	2000	270	-10	0	0.00389999989
3623	0.5	0.800000012	2000	-90	0	0	0.00700000022
3624	0.5	1	2000	-90	0	0	0.00700000022
3625	0.5	1	2000	-90	0	0	0.00700000022
3626	0.5	0.800000012	2000	-90	0	0	0.00700000022
3627	0.5	1	2000	-90	0	0	0.00700000022
3628	0.5	1	2000	-90	0	0	0.00700000022
3629	0.5	0.800000012	2000	270	-10	0	0.00389999989
3630	0.5	0.800000012	2000	270	-10	0	0.00389999989
3633	0.5	0.800000012	2000	270	-10	0	0.00389999989
3634	0.5	0.800000012	2000	270	-10	0	0.00389999989
3635	0.5	0.800000012	2000	270	-10	0	0.00389999989
3636	0.5	0.800000012	2000	270	-10	0	0.00389999989
3637	0.469999999	0.779999971	2000	-90	-13	0	0.00449999981
3638	0.49000001	0.879999995	2000	-90	-18	0	0.00439999998
3639	0.5	0.910000026	2000	-90	-18	0	0.00419999985
3640	0.5	0.910000026	2000	-90	-9	0	0.00449999981
3642	0.5	0.910000026	2000	-90	-10	0	0.00430000015
3643	0.5	0.800000012	2000	-90	25	0	0.00389999989
3644	0.5	0.800000012	2000	270	-10	0	0.00389999989
3645	0.5	0.800000012	2000	270	-10	0	0.00389999989
3646	0.519999981	0.649999976	2000	270	-10	0	0.00380000006
3647	0.540000021	0.649999976	2000	270	-10	0	0.00389999989
3648	0.439999998	0.649999976	2000	270	-10	0	0.00389999989
3649	0.49000001	0.75	2000	-90	25	0	0.00700000022
3650	0.5	0.800000012	2000	270	-10	0	0.00389999989
3651	0.439999998	0.639999986	2000	270	-10	0	0.00389999989
3652	0.519999981	0.670000017	2000	270	-10	0	0.00380000006
3653	0.5	0.800000012	2000	270	-10	0	0.00389999989
3654	0.5	0.800000012	2000	270	-10	0	0.00700000022
3656	0.5	0.620000005	2000	270	-10	0	0.00389999989
3657	0.5	0.779999971	2000	270	-10	0	0.00389999989
3658	0.49000001	0.879999995	2000	-90	-18	0	0.00439999998
3659	0.5	0.899999976	2000	-90	-10	0	0.0046000001
3662	0.439999998	0.639999986	2000	270	-10	0	0.00389999989
3663	0.5	0.800000012	2000	270	-10	0	0.00389999989
3664	0.519999981	0.670000017	2000	270	-10	0	0.00380000006
3665	0.5	0.800000012	2000	270	-10	0	0.00389999989
3666	0.5	0.800000012	2000	270	-10	0	0.00700000022
3667	0.5	0.800000012	2000	-90	25	0	0.00389999989
3669	0.5	0.800000012	2000	270	-10	0	0.00389999989
3670	0.5	0.800000012	2000	270	-10	0	0.00389999989
3671	0.5	0.800000012	2000	270	-10	0	0.00389999989
3672	0.5	0.800000012	2000	270	-10	0	0.00389999989
3673	0.5	0.800000012	2000	-90	0	0	0.00700000022
3674	0.5	0.800000012	2000	270	-10	0	0.00389999989
4096	0.5	0.970000029	2000	270	-10	0	0.00389999989
4097	0.5	0.800000012	2000	270	-10	0	0.00389999989
4098	0.5	1.04999995	2000	270	-10	0	0.00389999989
4099	0.5	1.10000002	2000	270	-10	0	0.00389999989
4100	0.5	1.03999996	2000	270	-10	0	0.00389999989
4101	0.5	0.800000012	2000	270	-10	0	0.00389999989
4102	0.5	1.04999995	2000	270	-10	0	0.00389999989
4103	0.5	0.800000012	2000	270	-10	0	0.00389999989
4104	0.5	1.10000002	2000	270	-10	0	0.00389999989
4105	0.5	0.800000012	2000	270	-10	0	0.00389999989
4106	0.5	1.11000001	2000	270	0	0	0.00380000006
4107	0.5	1.16999996	2000	270	0	0	0.00380000006
4108	0.5	1.11000001	2000	270	-10	0	0.00389999989
4109	0.5	1.05999994	2000	270	-10	0	0.00389999989
4110	0.5	1.05999994	2000	270	-10	0	0.00389999989
4111	0.5	1	2000	270	-10	0	0.00389999989
4112	0.5	0.800000012	2000	270	-10	0	0.00389999989
4113	0.5	0.800000012	2000	270	-10	0	0.00389999989
4114	0.5	0.850000024	2000	270	-10	0	0.00389999989
4115	0.5	1.00999999	2000	270	-10	0	0.00389999989
4116	0.5	0.879999995	2000	270	-10	0	0.00389999989
4117	0.5	0.800000012	2000	270	-10	0	0.00389999989
4118	0.5	0.879999995	2000	270	-10	0	0.00389999989
4119	0.5	0.879999995	2000	270	-10	0	0.00389999989
4120	0.5	1.00999999	2000	270	-10	0	0.00389999989
4121	0.5	0.800000012	2000	270	-10	0	0.00389999989
4122	0.5	0.800000012	2000	270	-10	0	0.00389999989
4123	0.5	0.800000012	2000	270	-10	0	0.00389999989
4124	0.5	0.800000012	2000	270	-10	0	0.00389999989
4125	0.5	0.800000012	2000	-90	0	0	0.00329999998
4126	0.5	0.800000012	2000	-90	0	0	0.00350000011
4127	0.5	0.829999983	2000	270	-10	0	0.00389999989
4128	0.5	0.800000012	2000	270	-10	0	0.00350000011
4129	0.5	0.800000012	2000	270	-10	0	0.00389999989
4130	0.5	0.730000019	2000	-90	0	0	0.00319999992
4131	0.5	0.649999976	2000	-90	0	0	0.00319999992
4132	0.5	0.850000024	2000	-90	0	0	0.00389999989
4133	0.5	0.959999979	2000	-90	0	0	0.00389999989
4134	0.5	1.00999999	2000	270	-10	0	0.00389999989
4135	0.5	1.13999999	2000	-90	0	0	0.00389999989
4136	0.5	1.13999999	2000	-90	0	0	0.00380000006
4137	0.5	1.13999999	2000	-90	0	0	0.00389999989
4138	0.5	1.12	2000	-90	0	0	0.00389999989
4139	0.5	1.11000001	2000	-90	0	0	0.00389999989
4140	0.5	1.13999999	2000	-90	0	0	0.00389999989
4141	0.5	0.910000026	2000	270	-10	0	0.00389999989
4142	0.5	0.949999988	2000	270	-10	0	0.00389999989
4143	0.5	0.879999995	2000	270	-10	0	0.00389999989
4144	0.5	0.910000026	2000	270	-10	0	0.00389999989
4145	0.5	0.959999979	2000	270	-10	0	0.00389999989
4146	0.5	1.00999999	2000	270	-10	0	0.00389999989
4147	0.5	0.899999976	2000	270	-10	0	0.00389999989
4148	0.5	0.860000014	2000	270	-10	0	0.00389999989
4149	0.5	1.13999999	2000	-90	0	0	0.00329999998
4150	0.49000001	0.899999976	2000	-90	0	0	0.00300000003
4151	0.5	0.879999995	2000	-90	-10	0	0.00329999998
4152	0.519999981	1.13999999	2000	-90	-10	0	0.00359999994
4153	0.469999999	0.850000024	2000	270	0	0	0.00300000003
4154	0.469999999	0.899999976	2000	-90	-10	0	0.00350000011
4155	0.5	0.600000024	2000	0	0	0	0.00389999989
4156	0.5	0.5	2000	0	0	0	0.00389999989
4157	0.5	0.5	2000	0	0	0	0.00389999989
4158	0.5	0.879999995	2000	270	-10	0	0.00389999989
4159	0.5	1.09000003	2000	270	-10	0	0.00389999989
4160	0.5	0.800000012	2000	270	-10	0	0.00389999989
4161	0.5	0.899999976	2000	-90	0	0	0.00389999989
4162	0.5	0.670000017	2000	270	-10	0	0.00380000006
4163	0.5	0.75	2000	270	-10	0	0.00389999989
4164	0.5	0.819999993	2000	270	-10	0	0.00389999989
4165	0.5	0.829999983	2000	270	-10	0	0.00389999989
4166	0.5	0.819999993	2000	270	-10	0	0.00389999989
4167	0.5	0.730000019	2000	270	-10	0	0.00389999989
4168	0.5	0.800000012	2000	270	-10	0	0.00389999989
4169	0.5	0.800000012	2000	90	0	0	0.00389999989
4170	0.49000001	0.899999976	2000	-90	0	0	0.00329999998
4171	0.5	1	2000	-90	-10	0	0.0037
4172	0.5	0.899999976	2000	-90	-10	0	0.00419999985
4174	0.5	0.75	2000	270	-10	0	0.00389999989
4175	0.5	0.829999983	2000	270	-10	0	0.00389999989
4176	0.5	0.819999993	2000	270	-10	0	0.00389999989
4177	0.5	0.800000012	2000	270	-10	0	0.00389999989
4178	0.5	1	2000	270	-10	0	0.00389999989
4179	0.5	0.850000024	2000	270	-10	0	0.00389999989
4180	0.5	0.879999995	2000	270	-10	0	0.00389999989
4181	0.5	0.800000012	2000	270	-10	0	0.00389999989
4182	0.5	0.879999995	2000	270	-10	0	0.00389999989
4183	0.5	1.00999999	2000	270	-10	0	0.00389999989
4184	0.5	0.800000012	2000	270	-10	0	0.00389999989
4185	0.5	1.12	2000	-90	0	0	0.00389999989
4186	0.5	0.5	2000	-90	0	0	0.00389999989
4608	0.5	0.899999976	2000	270	-10	0	0.00329999998
4609	0.5	0.899999976	2000	270	-10	0	0.00329999998
4610	0.5	0.899999976	2000	270	-10	0	0.00329999998
4611	0.5	0.899999976	2000	270	-10	0	0.00329999998
4612	0.5	0.899999976	2000	270	-10	0	0.00329999998
4613	0.5	0.899999976	2000	270	-10	0	0.00329999998
4614	0.5	0.899999976	2000	270	-10	0	0.00329999998
4615	0.5	0.899999976	2000	270	-10	0	0.00329999998
4616	0.5	0.899999976	2000	270	-10	0	0.00329999998
4617	0.5	0.899999976	2000	270	-10	0	0.00329999998
4618	0.5	1.26999998	2000	270	0	0	0.00329999998
4619	0.5	1.19000006	2000	270	0	0	0.00329999998
4620	0.5	0.899999976	2000	270	-10	0	0.00329999998
4621	0.5	0.980000019	2000	270	-10	0	0.00329999998
4622	0.5	0.899999976	2000	270	-10	0	0.00329999998
4623	0.5	0.899999976	2000	270	-10	0	0.00329999998
4624	0.5	0.899999976	2000	270	-10	0	0.00329999998
4625	0.5	0.899999976	2000	270	-10	0	0.00329999998
4626	0.5	0.889999986	2000	270	-10	0	0.00319999992
4627	0.5	0.899999976	2000	270	-10	0	0.00329999998
4628	0.5	0.899999976	2000	270	-10	0	0.00329999998
4629	0.5	0.899999976	2000	270	-10	0	0.00329999998
4630	0.5	0.899999976	2000	270	-10	0	0.00329999998
4631	0.5	0.899999976	2000	270	-10	0	0.00329999998
4632	0.5	0.899999976	2000	270	-10	0	0.00329999998
4633	0.5	0.899999976	2000	270	-10	0	0.00329999998
4634	0.5	0.899999976	2000	270	-10	0	0.00329999998
4635	0.5	0.899999976	2000	270	-10	0	0.00329999998
4636	0.5	0.899999976	2000	270	-10	0	0.00329999998
4637	0.5	0.899999976	2000	270	-10	0	0.00329999998
4638	0.5	0.899999976	2000	270	-10	0	0.00329999998
4639	0.5	0.899999976	2000	270	-10	0	0.00329999998
4640	0.5	0.899999976	2000	270	-10	0	0.00329999998
4641	0.5	0.899999976	2000	270	-10	0	0.00329999998
4642	0.5	0.899999976	2000	270	-10	0	0.00329999998
4643	0.5	0.899999976	2000	270	-10	0	0.00329999998
4644	0.5	0.899999976	2000	270	-10	0	0.00329999998
4645	0.5	0.899999976	2000	270	-10	0	0.00329999998
4646	0.5	0.980000019	2000	270	-10	0	0.00329999998
4647	0.5	0.899999976	2000	270	-10	0	0.00329999998
4648	0.5	0.899999976	2000	270	-10	0	0.00329999998
4649	0.5	0.899999976	2000	270	-10	0	0.00329999998
4650	0.5	0.899999976	2000	270	-10	0	0.00329999998
4651	0.5	0.899999976	2000	270	-10	0	0.00329999998
4652	0.5	0.899999976	2000	270	-10	0	0.00329999998
4653	0.5	0.899999976	2000	270	-10	0	0.00329999998
4654	0.5	0.899999976	2000	270	-10	0	0.00329999998
4655	0.5	0.899999976	2000	270	-10	0	0.00329999998
4656	0.5	0.899999976	2000	270	-10	0	0.00329999998
4657	0.5	0.899999976	2000	270	-10	0	0.00329999998
4658	0.5	0.899999976	2000	270	-10	0	0.00329999998
4659	0.5	0.899999976	2000	270	-10	0	0.00329999998
4660	0.5	0.899999976	2000	270	-10	0	0.00329999998
4661	0.50999999	1.10000002	2000	270	0	0	0.00319999992
4662	0.5	1	2000	270	0	0	0.00300000003
4663	0.5	0.649999976	2000	270	0	0	0.00249999994
4664	0.5	0.889999986	2000	270	0	0	0.00289999996
4665	0.5	1	2000	270	0	0	0.00300000003
4666	0.5	1.10000002	2000	270	0	0	0.00350000011
4667	0.5	0.980000019	2000	270	-10	0	0.00329999998
4668	0.5	0.899999976	2000	270	-10	0	0.00329999998
4669	0.5	0.899999976	2000	270	-10	0	0.00329999998
4670	0.5	0.899999976	2000	270	-10	0	0.00329999998
4671	0.5	1.11000001	2000	270	-10	0	0.00319999992
4672	0.5	0.899999976	2000	270	-10	0	0.00329999998
4673	0.5	0.899999976	2000	270	-10	0	0.00329999998
4674	0.5	0.899999976	2000	270	-10	0	0.00329999998
4675	0.5	0.899999976	2000	270	-10	0	0.00329999998
4676	0.5	0.899999976	2000	270	-10	0	0.00329999998
4677	0.5	0.899999976	2000	270	-10	0	0.00329999998
4678	0.5	0.899999976	2000	270	-10	0	0.00329999998
4679	0.5	0.899999976	2000	270	-10	0	0.00329999998
4680	0.5	0.899999976	2000	270	-10	0	0.00329999998
4681	0.5	0.899999976	2000	270	-10	0	0.00329999998
4682	0.5	0.959999979	2000	-90	-10	0	0.00329999998
4683	0.519999981	0.899999976	2000	-90	-10	0	0.00319999992
4684	0.49000001	0.930000007	2000	-90	-10	0	0.00319999992
4686	0.5	0.899999976	2000	270	-10	0	0.00329999998
4687	0.5	0.899999976	2000	270	-10	0	0.00329999998
4688	0.5	0.899999976	2000	270	-10	0	0.00329999998
4689	0.5	0.899999976	2000	270	-10	0	0.00329999998
4690	0.5	0.899999976	2000	270	-10	0	0.00329999998
4691	0.5	0.899999976	2000	270	-10	0	0.00329999998
4692	0.5	0.899999976	2000	270	-10	0	0.00329999998
4693	0.5	0.899999976	2000	270	-10	0	0.00329999998
4694	0.5	0.899999976	2000	270	-10	0	0.00329999998
4695	0.5	0.899999976	2000	270	-10	0	0.00329999998
4696	0.5	0.899999976	2000	270	-10	0	0.00329999998
4697	0.5	0.899999976	2000	270	-10	0	0.00329999998
4698	0.5	0.899999976	2000	270	-10	0	0.00329999998
5120	0.5	0.899999976	2000	270	-10	0	0.00380000006
5121	0.5	0.899999976	2000	270	-10	0	0.00380000006
5122	0.5	0.899999976	2000	270	-10	0	0.00380000006
5123	0.5	0.899999976	2000	270	-10	0	0.00380000006
5124	0.5	0.899999976	2000	270	-10	0	0.00380000006
5125	0.5	0.899999976	2000	270	-10	0	0.00380000006
5126	0.5	0.899999976	2000	270	-10	0	0.00380000006
5127	0.5	0.899999976	2000	270	-10	0	0.00380000006
5128	0.5	0.899999976	2000	270	-10	0	0.00380000006
5129	0.5	0.899999976	2000	270	-10	0	0.00380000006
5130	0.5	0.899999976	2000	270	-10	0	0.00380000006
5131	0.5	0.899999976	2000	270	-10	0	0.00380000006
5132	0.5	0.899999976	2000	270	-10	0	0.00380000006
5133	0.5	0.899999976	2000	270	-10	0	0.00380000006
5134	0.5	0.899999976	2000	270	-10	0	0.00380000006
5135	0.5	0.899999976	2000	270	-10	0	0.00380000006
5136	0.5	0.899999976	2000	270	-10	0	0.00380000006
5137	0.5	0.899999976	2000	270	-10	0	0.00380000006
5138	0.5	0.899999976	2000	270	-10	0	0.00380000006
5139	0.5	0.899999976	2000	270	-10	0	0.00380000006
5140	0.5	0.899999976	2000	270	-10	0	0.00380000006
5141	0.5	0.899999976	2000	270	-10	0	0.00380000006
5142	0.5	0.899999976	2000	270	-10	0	0.00380000006
5143	0.5	0.899999976	2000	270	-10	0	0.00380000006
5144	0.5	0.899999976	2000	270	-10	0	0.00380000006
5145	0.5	0.899999976	2000	270	-10	0	0.00380000006
5146	0.5	0.899999976	2000	270	-10	0	0.00380000006
5147	0.5	0.899999976	2000	270	-10	0	0.00380000006
5148	0.5	0.899999976	2000	270	-10	0	0.00380000006
5149	0.5	0.899999976	2000	270	-10	0	0.00380000006
5150	0.5	0.899999976	2000	270	-10	0	0.00380000006
5151	0.5	0.899999976	2000	270	-10	0	0.00380000006
5152	0.5	0.899999976	2000	270	-10	0	0.00380000006
5153	0.5	0.899999976	2000	270	-10	0	0.00380000006
5154	0.5	0.899999976	2000	270	-10	0	0.00380000006
5155	0.5	0.899999976	2000	270	-10	0	0.00380000006
5156	0.5	0.899999976	2000	270	-10	0	0.00380000006
5157	0.5	0.899999976	2000	270	-10	0	0.00380000006
5158	0.5	0.899999976	2000	270	-10	0	0.00319999992
5159	0.5	0.899999976	2000	270	-10	0	0.00380000006
5160	0.5	0.899999976	2000	270	-10	0	0.00380000006
5161	0.5	0.899999976	2000	270	-10	0	0.00380000006
5162	0.5	0.899999976	2000	270	-10	0	0.00380000006
5163	0.5	0.899999976	2000	270	-10	0	0.00380000006
5164	0.5	0.899999976	2000	270	-10	0	0.00380000006
5165	0.5	0.899999976	2000	270	-10	0	0.00380000006
5166	0.5	0.899999976	2000	270	-10	0	0.00380000006
5167	0.5	0.899999976	2000	270	-10	0	0.00380000006
5168	0.5	0.899999976	2000	270	-10	0	0.00380000006
5169	0.5	0.899999976	2000	270	-10	0	0.00380000006
5170	0.5	0.899999976	2000	270	-10	0	0.00380000006
5171	0.5	0.899999976	2000	270	-10	0	0.00380000006
5172	0.5	0.899999976	2000	270	-10	0	0.00380000006
5173	0.5	0.949999988	2000	270	0	0	0.00319999992
5174	0.5	0.889999986	2000	270	0	0	0.00329999998
5175	0.5	0.889999986	2000	270	0	0	0.00329999998
5176	0.5	0.939999998	2000	270	0	0	0.00380000006
5177	0.5	0.889999986	2000	270	0	0	0.00329999998
5178	0.5	0.899999976	2000	270	0	0	0.00340000005
5182	0.5	0.899999976	2000	270	-10	0	0.00380000006
5183	0.5	0.899999976	2000	270	-10	0	0.00380000006
5184	0.5	0.899999976	2000	270	-10	0	0.00380000006
5185	0.5	0.899999976	2000	270	-10	0	0.00380000006
5186	0.5	0.899999976	2000	270	-10	0	0.00380000006
5187	0.5	0.899999976	2000	270	-10	0	0.00380000006
5188	0.5	0.899999976	2000	270	-10	0	0.00380000006
5189	0.5	0.899999976	2000	270	-10	0	0.00380000006
5190	0.5	0.899999976	2000	270	-10	0	0.00380000006
5191	0.5	0.899999976	2000	270	-10	0	0.00380000006
5194	0.49000001	0.930000007	2000	-90	-10	0	0.00389999989
5195	0.540000021	0.910000026	2000	-90	-10	0	0.00329999998
5196	0.519999981	0.899999976	2000	-90	-10	0	0.0037
5198	0.5	0.899999976	2000	270	-10	0	0.0037
5199	0.5	0.899999976	2000	270	-10	0	0.0037
5200	0.5	0.899999976	2000	270	-10	0	0.0037
5201	0.5	0.899999976	2000	270	-10	0	0.00329999998
5202	0.5	0.899999976	2000	270	-10	0	0.0037
5204	0.5	0.899999976	2000	270	-10	0	0.00380000006
5205	0.5	0.899999976	2000	270	-10	0	0.00380000006
5206	0.5	0.899999976	2000	270	-10	0	0.00380000006
5207	0.5	0.899999976	2000	270	-10	0	0.00380000006
5208	0.5	0.899999976	2000	270	-10	0	0.00380000006
5209	0.5	0.899999976	2000	270	-10	0	0.00380000006
5632	0.5	0.899999976	2000	270	-10	0	0.00319999992
5633	0.5	0.899999976	2000	270	-10	0	0.00319999992
5634	0.5	0.899999976	2000	270	-10	0	0.00319999992
5635	0.5	0.899999976	2000	270	-10	0	0.00319999992
5636	0.5	0.899999976	2000	270	-10	0	0.00319999992
5637	0.5	0.899999976	2000	270	-10	0	0.00319999992
5638	0.5	0.899999976	2000	270	-10	0	0.00319999992
5639	0.5	0.899999976	2000	270	-10	0	0.00319999992
5640	0.5	0.899999976	2000	270	-10	0	0.00319999992
5641	0.5	0.899999976	2000	270	-10	0	0.00319999992
5642	0.5	0.899999976	2000	270	-10	0	0.00319999992
5643	0.5	0.899999976	2000	270	-10	0	0.00319999992
5644	0.5	0.899999976	2000	270	-10	0	0.00319999992
5645	0.5	0.899999976	2000	270	-10	0	0.00319999992
5646	0.5	0.899999976	2000	270	-10	0	0.00319999992
5647	0.5	0.899999976	2000	270	-10	0	0.00319999992
5648	0.5	0.899999976	2000	270	-10	0	0.00319999992
5649	0.5	0.899999976	2000	270	-10	0	0.00319999992
5650	0.5	0.899999976	2000	270	-10	0	0.00319999992
5651	0.5	0.899999976	2000	270	-10	0	0.00319999992
5652	0.5	0.899999976	2000	270	-10	0	0.00319999992
5653	0.5	0.899999976	2000	270	-10	0	0.00319999992
5654	0.5	0.899999976	2000	270	-10	0	0.00319999992
5655	0.5	0.899999976	2000	270	-10	0	0.00319999992
5656	0.5	0.899999976	2000	270	-10	0	0.00319999992
5657	0.5	0.899999976	2000	270	-10	0	0.00319999992
5658	0.5	0.899999976	2000	270	-10	0	0.00319999992
5659	0.5	0.899999976	2000	270	-10	0	0.00319999992
5660	0.5	0.899999976	2000	270	-10	0	0.00319999992
5661	0.5	0.899999976	2000	270	-10	0	0.00319999992
5662	0.5	0.899999976	2000	270	-10	0	0.00319999992
5663	0.5	0.899999976	2000	270	-10	0	0.00319999992
5664	0.5	0.899999976	2000	270	-10	0	0.00319999992
5665	0.5	0.899999976	2000	270	-10	0	0.00319999992
5666	0.5	0.899999976	2000	270	-10	0	0.00319999992
5667	0.5	0.899999976	2000	270	-10	0	0.00319999992
5668	0.5	0.899999976	2000	270	-10	0	0.00319999992
5669	0.5	0.899999976	2000	270	-10	0	0.00319999992
5670	0.5	0.899999976	2000	270	-10	0	0.00319999992
5671	0.5	0.899999976	2000	270	-10	0	0.00319999992
5672	0.5	0.899999976	2000	270	-10	0	0.00319999992
5673	0.5	0.899999976	2000	270	-10	0	0.00319999992
5674	0.5	0.899999976	2000	270	-10	0	0.00319999992
5675	0.5	0.899999976	2000	270	-10	0	0.00319999992
5676	0.5	0.899999976	2000	270	-10	0	0.00319999992
5677	0.5	0.899999976	2000	270	-10	0	0.00319999992
5678	0.5	0.899999976	2000	270	-10	0	0.00319999992
5679	0.5	0.899999976	2000	270	-10	0	0.00319999992
5680	0.5	0.899999976	2000	270	-10	0	0.00319999992
5681	0.5	0.899999976	2000	270	-10	0	0.00319999992
5682	0.5	0.899999976	2000	270	-10	0	0.00319999992
5683	0.5	0.899999976	2000	270	-10	0	0.00319999992
5684	0.5	0.899999976	2000	270	-10	0	0.00319999992
5685	0.5	0.889999986	2000	270	0	0	0.00300000003
5686	0.5	0.879999995	2000	270	0	0	0.00289999996
5687	0.5	0.889999986	2000	270	0	0	0.00300000003
5688	0.5	0.870000005	2000	270	0	0	0.00310000009
5689	0.5	0.889999986	2000	270	0	0	0.00300000003
5690	0.5	0.870000005	2000	270	0	0	0.00270000007
5691	0.5	0.899999976	2000	270	-10	0	0.00319999992
5692	0.5	0.899999976	2000	270	-10	0	0.00319999992
5693	0.5	0.899999976	2000	270	-10	0	0.00319999992
5694	0.5	0.899999976	2000	270	-10	0	0.00319999992
5695	0.5	0.899999976	2000	270	-10	0	0.00319999992
5696	0.5	0.899999976	2000	270	-10	0	0.00319999992
5697	0.5	0.899999976	2000	270	-10	0	0.00319999992
5698	0.5	0.899999976	2000	270	-10	0	0.00319999992
5699	0.5	0.899999976	2000	270	-10	0	0.00319999992
5700	0.5	0.899999976	2000	270	-10	0	0.00319999992
5701	0.5	0.899999976	2000	270	-10	0	0.00319999992
5702	0.5	0.899999976	2000	270	-10	0	0.00319999992
5703	0.5	0.899999976	2000	270	-10	0	0.00319999992
5704	0.5	0.899999976	2000	270	-10	0	0.00319999992
5705	0.5	0.899999976	2000	270	-10	0	0.00319999992
5706	0.540000021	0.879999995	2000	-90	-10	0	0.00329999998
5707	0.519999981	0.899999976	2000	-90	-10	0	0.00329999998
5708	0.519999981	0.899999976	2000	-90	-10	0	0.00329999998
5710	0.5	0.899999976	2000	270	-10	0	0.00329999998
5711	0.5	0.899999976	2000	270	-10	0	0.00329999998
5712	0.5	0.899999976	2000	270	-10	0	0.00329999998
5713	0.5	0.899999976	2000	270	-10	0	0.00329999998
5714	0.5	0.899999976	2000	270	-10	0	0.00329999998
5715	0.5	0.899999976	2000	270	-10	0	0.00329999998
5716	0.5	0.899999976	2000	270	-10	0	0.00319999992
5717	0.5	0.899999976	2000	270	-10	0	0.00319999992
5718	0.5	0.899999976	2000	270	-10	0	0.00319999992
5719	0.5	0.899999976	2000	270	-10	0	0.00319999992
5720	0.5	0.899999976	2000	270	-10	0	0.00319999992
5721	0.5	0.899999976	2000	270	-10	0	0.00319999992
5722	0.5	0.899999976	2000	270	-10	0	0.00319999992
6144	0.5	0.600000024	2000	270	-10	0	0.00200000009
6145	0.5	0.600000024	2000	270	-10	0	0.00200000009
6146	0.5	0.600000024	2000	270	-10	0	0.00200000009
6147	0.5	0.449999988	2000	270	-10	0	0.00200000009
6148	0.5	0.400000006	2000	270	-10	0	0.00200000009
6149	0.5	0.75	2000	270	-10	0	0.00200000009
6150	0.5	0.550000012	2000	270	-10	0	0.00150000001
6151	0.5	0.779999971	2000	270	-10	0	0.00200000009
6152	0.5	0.779999971	2000	270	-10	0	0.00200000009
6153	0.5	0.779999971	2000	270	-10	0	0.00200000009
6154	0.5	0.779999971	2000	270	-10	0	0.00200000009
6155	0.5	0.779999971	2000	270	-10	0	0.00200000009
6156	0.5	0.779999971	2000	270	-10	0	0.00200000009
6157	0.5	0.779999971	2000	270	-10	0	0.00200000009
6158	0.5	0.779999971	2000	270	-10	0	0.00200000009
6159	0.5	0.600000024	2000	270	-10	0	0.00200000009
6160	0.5	0.779999971	2000	270	-10	0	0.00200000009
6161	0.5	0.779999971	2000	270	-10	0	0.00200000009
6162	0.5	0.779999971	2000	270	-10	0	0.00200000009
6163	0.5	0.779999971	2000	270	-10	0	0.00200000009
6165	0.5	0.5	2000	270	-10	0	0.00200000009
6166	0.5	0.5	2000	270	-10	0	0.00200000009
6167	0.5	0.5	2000	270	-10	0	0.00200000009
6168	0.5	0.5	2000	270	-10	0	0.00200000009
6170	0.5	0.600000024	2000	270	-10	0	0.00200000009
6174	0.550000012	0.980000019	2000	270	-10	0	0.00400000019
6175	0.550000012	0.980000019	2000	270	-10	0	0.00400000019
6176	0.5	0.959999979	2000	270	-10	0	0.00100000005
6177	0.5	0.959999979	2000	270	-10	0	0.00100000005
6178	0.5	0.980000019	2000	270	-10	0	0.00100000005
6179	0.5	0.5	2000	270	-10	0	0.00200000009
6180	0.5	0.600000024	2000	270	-10	0	0.00200000009
6181	0.5	0.5	2000	270	-10	0	0.00200000009
6182	0.5	0.5	2000	270	-10	0	0.00200000009
6183	0.5	0.5	2000	270	-10	0	0.00200000009
6184	0.5	0.469999999	2000	270	-10	0	0.00200000009
6185	0.5	0.699999988	2000	270	-10	0	0.00200000009
6186	0.5	0.5	2000	270	0	2	0.00200000009
6187	0.5	0.600000024	2000	270	-10	0	0.00200000009
6188	0.5	0.779999971	2000	270	0	0	0.00200000009
6189	0.5	0.779999971	2000	270	0	0	0.00200000009
6190	0.5	0.779999971	2000	270	0	0	0.00200000009
6191	0.5	0.779999971	2000	270	0	0	0.00200000009
6192	0.5	0.5	2000	270	-10	0	0.00200000009
6193	0.5	0.400000006	2000	-90	0	0	0.00200000009
6194	0.5	0.0799999982	2000	270	-10	0	0.00200000009
6204	0.5	0.600000024	2000	10	-10	10	0.00219999999
6205	0.5	0.600000024	2000	10	-10	10	0.00219999999
6206	0.5	0.600000024	2000	10	-10	10	0.00219999999
6207	0.5	0.600000024	2000	10	-10	10	0.00219999999
6208	0.5	0.600000024	2000	10	-10	10	0.00219999999
6209	0.5	0.600000024	2000	10	-10	10	0.00219999999
6214	0.5	0.600000024	2000	0	0	0	0.00170000002
6215	0.5	0.600000024	2000	0	0	0	0.00170000002
6216	0.5	0.600000024	2000	0	0	0	0.00170000002
6217	0.479999989	0.600000024	2000	0	0	359	0.0013
6244	0.5	0.600000024	2000	0	0	0	0.00170000002
6245	0.5	0.600000024	2000	0	0	0	0.00170000002
6246	0.5	0.600000024	2000	0	0	0	0.00170000002
6247	0.5	0.600000024	2000	0	0	0	0.00170000002
6248	0.5	0.600000024	2000	0	0	0	0.00170000002
6249	0.5	0.600000024	2000	0	0	0	0.00170000002
6250	0.5	0.600000024	2000	0	0	0	0.00170000002
6251	0.5	0.600000024	2000	0	0	0	0.00170000002
6252	0.5	0.600000024	2000	0	0	0	0.00170000002
6253	0.5	0.600000024	2000	0	0	0	0.00170000002
6254	0.5	0.600000024	2000	0	0	0	0.00170000002
6255	0.5	0.600000024	2000	0	0	0	0.00170000002
6256	0.5	0.600000024	2000	0	0	0	0.00170000002
6257	0.5	0.600000024	2000	0	0	0	0.00170000002
6258	0.5	0.600000024	2000	0	0	0	0.00170000002
6259	0.5	0.600000024	2000	0	0	0	0.00170000002
6260	0.5	0.600000024	2000	0	0	0	0.00170000002
6261	0.5	0.600000024	2000	0	0	0	0.00170000002
6262	0.5	0.600000024	2000	0	0	0	0.00170000002
6263	0.5	0.600000024	2000	0	0	0	0.00170000002
6264	0.5	0.600000024	2000	0	0	0	0.00170000002
6265	0.5	0.600000024	2000	0	0	0	0.00170000002
6266	0.5	0.600000024	2000	0	0	0	0.00170000002
6267	0.5	0.600000024	2000	0	0	0	0.00170000002
6268	0.5	0.600000024	2000	0	0	0	0.00170000002
6269	0.5	0.600000024	2000	0	0	0	0.00170000002
6270	0.5	0.600000024	2000	0	0	0	0.00170000002
6271	0.5	0.600000024	2000	0	0	0	0.00170000002
6272	0.5	0.600000024	2000	0	0	0	0.00170000002
6273	0.5	0.600000024	2000	0	0	0	0.00170000002
6274	0.5	0.600000024	2000	270	-10	0	0.00120000006
6275	0.5	0.600000024	2000	270	-10	0	0.00200000009
6276	0.5	0.600000024	2000	270	-10	0	0.00200000009
6277	0.469999999	0.600000024	2000	270	-10	0	0.00200000009
6278	0.5	0.600000024	2000	270	-10	0	0.00200000009
6279	0.5	0.409999996	2000	270	-10	0	0.00120000006
6280	0.550000012	0.980000019	2000	270	-10	0	0.00350000011
6281	0.550000012	0.879999995	2000	270	-10	0	0.00249999994
6282	0.550000012	0.550000012	2000	270	-10	0	0.00359999994
6283	0.550000012	0.959999979	2000	270	90	0	0.00350000011
6284	0.550000012	0.959999979	2000	270	-10	0	0.00499999989
6285	0.550000012	0.600000024	2000	270	-10	0	0.00200000009
6286	0.180000007	0.850000024	2000	270	-10	-45	0.00300000003
6287	0.100000001	0.910000026	2000	270	-10	-45	0.00400000019
6288	0.5	0.600000024	2000	270	-10	0	0.00200000009
6289	0.5	0.600000024	2000	270	-10	0	0.00200000009
6290	0.5	0.600000024	2000	270	-10	0	0.00200000009
6291	0.5	0.600000024	2000	270	-10	0	0.00200000009
6292	0.550000012	0.730000019	2000	270	-10	0	0.00200000009
6293	0.550000012	0.600000024	2000	270	-10	0	0.00200000009
6294	0.5	0.600000024	2000	270	-10	0	0.00200000009
6295	0.5	0.600000024	2000	270	-10	0	0.00200000009
6344	0.5	0.600000024	2000	270	-10	0	0.00200000009
6345	0.5	0.600000024	2000	270	-10	0	0.00200000009
6346	0.519999981	0.600000024	2000	270	0	0	0.00200000009
6347	0.519999981	0.600000024	2000	270	0	0	0.00200000009
6348	0.519999981	0.600000024	2000	270	0	0	0.00200000009
6349	0.519999981	0.600000024	2000	270	0	0	0.00200000009
6350	0.519999981	0.600000024	2000	270	0	0	0.00200000009
6351	0.519999981	0.600000024	2000	270	0	0	0.00200000009
6352	0.50999999	0.600000024	2000	270	0	0	0.00200000009
6353	0.519999981	0.600000024	2000	270	0	0	0.00200000009
6354	0.519999981	0.600000024	2000	270	0	0	0.00200000009
6355	0.519999981	0.600000024	2000	270	0	0	0.00200000009
6356	0.519999981	0.600000024	2000	270	0	0	0.00200000009
6357	0.519999981	0.600000024	2000	270	0	0	0.00200000009
6358	0.519999981	0.600000024	2000	270	0	0	0.00200000009
6365	0.5	0.600000024	2000	270	-10	0	0.00200000009
6375	0.5	0.600000024	2000	270	-10	0	0.00200000009
6385	0.5	0.600000024	2000	270	-10	0	0.00200000009
6395	0.5	0.600000024	2000	270	-10	0	0.00200000009
6405	0.5	0.600000024	2000	270	-10	0	0.00200000009
6406	0.5	0.569999993	2000	270	0	0	0.00200000009
6407	0.5	0.340000004	2000	270	-10	0	0.00179999997
6408	0.5	0.600000024	2000	270	-10	0	0.00200000009
6409	0.5	0.49000001	2000	270	-10	0	0.00200000009
6410	0.5	0.560000002	2000	270	0	0	0.00200000009
6411	0.5	0.560000002	2000	270	0	0	0.00219999999
6412	0.5	0.560000002	2000	270	0	0	0.00200000009
6656	0.5	0.699999988	2000	270	-10	0	0.00249999994
6657	0.5	0.699999988	2000	270	-10	0	0.00249999994
6658	0.5	0.910000026	2000	270	-10	0	0.00249999994
6659	0.5	0.980000019	2000	-90	-90	0	0.00249999994
6660	0.389999986	0.540000021	2000	-90	-90	0	0.00150000001
6661	0.5	0.699999988	2000	-90	-35	0	0.00499999989
6663	0.5	0.899999976	2000	270	-10	0	0.00249999994
6664	0.5	0.699999988	2000	270	-10	0	0.00249999994
6665	0.5	0.699999988	2000	270	-10	0	0.00249999994
6666	0.5	0.699999988	2000	270	-10	0	0.00249999994
6667	0.5	0.850000024	2000	270	-10	0	0.00249999994
6668	0.5	0.569999993	2000	0	0	0	0.00249999994
6669	0.5	0.540000021	2000	0	0	0	0.00249999994
6670	0.600000024	1	2000	270	-10	0	0.00300000003
6671	0.600000024	1	2000	270	-10	0	0.00300000003
6672	0.5	0.899999976	2000	270	-10	0	0.00200000009
6673	0.5	0.899999976	2000	270	-10	0	0.00179999997
6674	0.5	0.75	2000	290	0	0	0.00179999997
6675	0.5	0.5	2000	0	0	0	0.00100000005
6676	0.5	0.649999976	2000	270	0	0	0.00230000005
6677	0.5	0.699999988	2000	270	160	20	0.00249999994
6678	0.5	0.699999988	2000	270	160	20	0.00249999994
6679	0.5	0.699999988	2000	270	160	20	0.00249999994
6680	0.5	0.699999988	2000	270	160	20	0.00249999994
6681	0.5	0.699999988	2000	0	0	0	0.00249999994
6682	0.5	0.699999988	2000	0	0	0	0.00249999994
6683	0.5	0.699999988	2000	0	0	0	0.00249999994
6684	0.5	0.699999988	2000	0	0	0	0.00249999994
6685	0.5	0.5	2000	290	0	0	0.00249999994
6686	0.5	0.5	2000	-90	0	0	0.00200000009
6687	0.5	0.899999976	2000	-90	-90	0	0.00249999994
6688	0.5	0.670000017	2000	270	0	0	0.00190000003
6689	0.5	0.5	2000	270	0	0	0.00400000019
6690	0.5	0.5	2000	270	0	0	0.00400000019
6691	0.5	0.5	2000	270	0	0	0.00400000019
6692	0.5	0.5	2000	270	0	0	0.00700000022
6693	0.5	0.5	2000	270	0	0	0.00499999989
6694	0.5	0.469999999	2000	162	0	0	0.00249999994
6695	0.5	0.699999988	2000	270	0	0	0.00249999994
6696	0.5	0.699999988	2000	270	0	0	0.00249999994
6697	0.5	0.699999988	2000	270	0	0	0.00249999994
6698	0.5	0.699999988	2000	270	0	0	0.00249999994
6699	0.5	0.959999979	2000	90	0	180	0.00209999993
6700	0.5	0.100000001	2000	90	0	0	0.00200000009
6701	0.5	0.159999996	2000	90	0	0	0.00200000009
6702	0.5	1.10000002	2000	270	0	0	0.00179999997
6703	0.5	1.10000002	2000	270	0	0	0.00179999997
6704	0.5	1.10000002	2000	270	0	0	0.00179999997
6705	0.5	1.16999996	2000	270	0	0	0.0013
6706	0.5	0.879999995	2000	270	0	0	0.00300000003
6707	0.5	0.829999983	2000	270	0	0	0.00300000003
6708	0.5	0.519999981	2000	270	0	0	0.00490000006
6709	0.5	0.600000024	2000	270	120	0	0.00490000006
6710	0.5	0.910000026	2000	270	0	0	0.00400000019
6711	0.5	0.910000026	2000	270	0	0	0.00400000019
6712	0.5	0.910000026	2000	270	0	0	0.00400000019
6713	0.5	0.910000026	2000	270	0	0	0.00400000019
6714	0.5	0.910000026	2000	270	0	0	0.00400000019
6715	0.5	0.569999993	2000	90	0	0	0.00079999998
6716	0.5	1.00999999	2000	270	0	0	0.00499999989
6717	0.5	1.10000002	2000	270	0	0	0.00179999997
6718	0.5	1	2000	270	0	0	0.00200000009
6719	0.5	0	2000	90	0	0	0.00200000009
6720	0.5	1.09000003	2000	270	-10	0	0.000500000024
6721	0.5	0.879999995	2000	270	-10	0	0.00159999996
6722	0.519999981	1.11000001	2000	270	0	0	0.00200000009
6723	0.5	1.09000003	2000	270	40	0	0.00150000001
6724	0.620000005	0.850000024	2000	300	10	20	0.00260000001
6725	0.5	1.16999996	2000	270	-30	0	0.00230000005
6726	0.829999983	0.730000019	2000	270	0	70	0.00179999997
6727	0.5	0.5	2000	270	180	0	0.00190000003
6728	0.5	0.5	2000	270	180	0	0.00190000003
6729	0.5	0.5	2000	270	180	0	0.00190000003
6730	0.5	0.5	2000	270	180	0	0.00190000003
6731	0.5	0.5	2000	270	180	0	0.00190000003
6732	0.5	0.980000019	2000	270	0	0	0.00260000001
6733	0.5	0.949999988	2000	-90	0	0	0.00230000005
6734	0.5	0.949999988	2000	-90	0	0	0.00230000005
6736	0.360000014	0.879999995	2000	270	50	0	0.00200000009
6737	0.5	0.519999981	2000	-90	0	0	0.00120000006
6738	0.5	0.49000001	2000	-90	0	0	0.00120000006
6739	0.5	1	2000	270	0	0	0.00209999993
6740	0.5	1	2000	270	0	0	0.00209999993
6741	0.5	1	2000	270	0	0	0.00209999993
6742	0.5	1	2000	270	0	0	0.00209999993
6743	0.5	0.5	2000	0	0	270	0.00200000009
6744	0.5	1	2000	270	0	0	0.00209999993
6745	0.5	1	2000	270	0	0	0.00209999993
6746	0.5	1	2000	270	0	0	0.00209999993
6747	0.5	1	2000	270	0	0	0.00209999993
6748	0.5	1	2000	270	0	0	0.00209999993
6749	0.5	0.930000007	2000	-90	0	0	0.00209999993
6750	0.5	0.930000007	2000	-90	0	0	0.00209999993
6751	0.5	0.930000007	2000	270	0	0	0.00209999993
6752	0.5	0.5	2000	270	0	0	0.00300000003
6753	0.519999981	0.100000001	2000	90	0	0	0.00219999999
6754	0.519999981	0.100000001	2000	90	0	0	0.00219999999
6755	0.469999999	0.469999999	2000	270	0	0	0.00150000001
6759	0.5	0.5	2000	0	0	0	0.00249999994
6760	0.5	1	2000	270	0	0	0.00249999994
6761	0.5	1	2000	270	0	0	0.00200000009
6762	0.5	1	2000	270	90	10	0.00139999995
6763	0.5	0.5	2000	270	25	25	0.00300000003
6765	0.730000019	0.930000007	2000	270	25	25	0.00449999981
6766	0.730000019	0.930000007	2000	270	25	25	0.00449999981
6767	0.730000019	0.930000007	2000	270	25	25	0.00449999981
6768	0.730000019	0.930000007	2000	270	25	25	0.00449999981
6769	0.5	0.699999988	2000	270	0	0	0.00179999997
6770	0.5	0.699999988	2000	270	0	0	0.00179999997
6771	0.5	0.699999988	2000	270	0	0	0.00179999997
6772	0.5	0.930000007	2000	270	0	0	0.00209999993
6773	0.5	0.930000007	2000	270	0	0	0.00219999999
6774	0.5	0.930000007	2000	270	0	0	0.00219999999
6775	0.5	0.930000007	2000	270	0	0	0.00219999999
6776	0.5	0.930000007	2000	270	0	0	0.00219999999
6777	0.5	0.930000007	2000	270	0	0	0.00179999997
6778	0.540000021	0.980000019	2000	290	-20	0	0.00319999992
6779	0.5	1.03999996	2000	270	40	0	0.000899999985
6780	0.5	1	2000	270	0	0	0.00120000006
6781	0.5	1	2000	270	0	0	0.00120000006
6782	0.5	1	2000	270	0	0	0.00120000006
6783	0.5	1	2000	270	0	0	0.00120000006
6784	0.5	1.13999999	2000	270	-20	0	0.00350000011
6785	0.5	1.11000001	2000	270	-20	0	0.00350000011
6786	0.5	0.699999988	2000	270	-20	0	0.00319999992
6787	0.5	0.699999988	2000	270	-20	0	0.00249999994
6788	0.5	0.540000021	2000	270	-20	0	0.00249999994
6789	0.5	0.699999988	2000	270	-20	0	0.00329999998
6790	0.5	1.00999999	2000	270	-20	0	0.00329999998
6791	0.5	0.540000021	2000	270	0	0	0.00100000005
6792	0.5	0.540000021	2000	270	0	0	0.00100000005
6793	0.5	0.540000021	2000	270	0	0	0.00100000005
6794	0.5	0.540000021	2000	270	0	0	0.00100000005
6795	0.5	0.540000021	2000	270	0	0	0.00100000005
6796	0.5	0.540000021	2000	270	0	0	0.00100000005
6797	0.5	0.540000021	2000	270	0	0	0.00100000005
6798	0.5	0.540000021	2000	270	0	0	0.00100000005
6799	0.5	0.540000021	2000	270	0	0	0.00100000005
6800	0.5	0.540000021	2000	270	0	0	0.00100000005
6801	0.5	0.25999999	2000	90	0	0	0.00079999998
6802	0.5	0.129999995	2000	90	0	0	0.00120000006
6803	0.5	0.49000001	2000	90	0	0	0.00100000005
6804	0.5	0.699999988	2000	270	0	0	0.00249999994
6805	0.5	0.699999988	2000	270	0	0	0.00249999994
6806	0.5	0.699999988	2000	270	0	0	0.00249999994
6807	0.699999988	0.519999981	2000	270	0	0	0.00230000005
6808	0.5	0.850000024	2000	270	0	0	0.00150000001
6809	0.5	0.850000024	2000	270	0	0	0.00150000001
6810	0.5	0.850000024	2000	270	0	0	0.00150000001
6811	0.5	0.850000024	2000	270	0	0	0.00150000001
6812	0.5	0.850000024	2000	270	0	0	0.00150000001
6813	0.5	0.850000024	2000	270	0	0	0.00150000001
6814	0.5	0.850000024	2000	270	0	0	0.00150000001
6815	0.5	0.850000024	2000	270	0	0	0.00150000001
6816	0.5	0.540000021	2000	-90	0	0	0.00109999999
6817	0.5	0.540000021	2000	-90	0	0	0.00109999999
6818	0.5	0.5	2000	0	0	270	0.00200000009
6819	0.540000021	1	2000	290	-20	0	0.00329999998
6820	0.540000021	1	2000	290	-20	0	0.00329999998
6821	0.569999993	0.959999979	2000	290	-20	0	0.0027999999
6822	0.5	0.980000019	2000	270	0	0	0.00260000001
6824	0.519999981	0.100000001	2000	90	0	0	0.00219999999
6825	0.5	0.699999988	2000	270	0	0	0.00249999994
6826	0.5	0.699999988	2000	270	0	0	0.00249999994
6827	0.529999971	0.600000024	2000	270	0	0	0.00249999994
6828	0.529999971	0.600000024	2000	270	0	0	0.00260000001
6829	0.469999999	0.899999976	2000	-60	20	0	0.00100000005
6831	0.5	1	2000	270	-40	0	0.00219999999
6832	0.5	1	2000	270	-40	0	0.00209999993
6833	0.5	0.899999976	2000	270	0	0	0.00150000001
6834	0.5	0.899999976	2000	270	0	0	0.00150000001
6835	0.5	0.899999976	2000	270	0	0	0.00150000001
6836	0.5	0.899999976	2000	270	0	0	0.00150000001
6837	0.5	0.899999976	2000	270	0	0	0.00150000001
6866	0.529999971	1	2000	-90	0	1	0.000899999985
6867	0.5	0.899999976	2000	90	180	180	0.00159999996
6868	0.5	1	2000	-80	-45	0	0.00100000005
6869	0.5	1	2000	-80	-45	0	0.00120000006
6870	0.5	0.800000012	2000	-90	-21	-1	0.000899999985
6871	0.5	0.800000012	2000	-90	-21	-1	0.00100000005
6872	0.479999989	0.800000012	2000	273	-51	359	0.00139999995
6873	0.479999989	0.800000012	2000	273	-51	359	0.00150000001
6874	0.430000007	0.699999988	2000	255	-43	359	0.0013
6875	0.5	0.800000012	2000	-80	-43	359	0.00150000001
6876	0.529999971	1	2000	-90	0	1	0.000899999985
6877	0.529999971	1	2000	-90	0	1	0.000899999985
6878	0.529999971	1	2000	-90	0	1	0.000899999985
6879	0.5	1	2000	-90	-22	0	0.000699999975
6880	0.5	1	2000	-90	-22	0	0.00079999998
6881	0.5	1	2000	270	-39	-1	0.00219999999
6882	0.5	1	2000	270	-39	-1	0.00249999994
6883	0.5	0.899999976	2000	269	-36	359	0.00039999999
6884	0.5	0.899999976	2000	269	-36	359	0.000500000024
6885	0.5	0.899999976	2000	-90	-32	359	0.00240000011
6886	0.5	0.899999976	2000	-90	-32	359	0.00249999994
6887	0.5	0.899999976	2000	-90	-53	359	0.00170000002
6888	0.5	0.899999976	2000	-90	-53	359	0.00190000003
6889	0.5	0.899999976	2000	-90	-36	-1	0.00219999999
6890	0.5	0.899999976	2000	-90	-36	-1	0.00240000011
6891	0.5	0.899999976	2000	-90	330	1	0.00230000005
6892	0.5	0.899999976	2000	-90	330	1	0.00260000001
6893	0.5	0.899999976	2000	-90	-22	-1	0.00109999999
6894	0.5	0.899999976	2000	-90	-22	-1	0.00120000006
6895	0.5	0.800000012	2000	-90	359	359	0.00200000009
6896	0.5	0.800000012	2000	-90	359	359	0.00200000009
6897	0.5	0.899999976	2000	-90	0	359	0.00219999999
6898	0.5	0.899999976	2000	-90	0	359	0.00249999994
6899	0.5	0.899999976	2000	-90	-43	359	0.00240000011
6900	0.5	0.899999976	2000	-90	-43	359	0.00260000001
6901	0.5	0.899999976	2000	-90	-21	359	0.00260000001
6902	0.5	0.899999976	2000	-90	-21	359	0.00289999996
6903	0.5	0.540000021	2000	270	0	0	0.00100000005
6904	0.5	0.540000021	2000	270	0	0	0.00100000005
6905	0.5	0.540000021	2000	270	0	0	0.00100000005
6906	0.5	0.540000021	2000	270	0	0	0.00100000005
6907	0.5	0.540000021	2000	270	0	0	0.00100000005
6908	0.449999988	0.899999976	2000	-90	-36	1	0.00150000001
6909	0.5	0.899999976	2000	-90	-36	1	0.00170000002
6910	0.5	0.800000012	2000	-90	-61	3	0.00079999998
6911	0.5	0.899999976	2000	-90	-61	3	0.00079999998
6912	0.5	0.899999976	2000	-90	-31	359	0.000699999975
6913	0.5	0.899999976	2000	-90	-31	359	0.00079999998
6914	0.5	0.899999976	2000	-90	-12	359	0.00200000009
6915	0.5	0.899999976	2000	-90	-12	359	0.00209999993
6916	0.5	0.899999976	2000	-90	-12	1	0.00200000009
6917	0.5	0.899999976	2000	-90	-12	1	0.00219999999
6918	0.5	0.899999976	2000	-90	-24	1	0.00209999993
6919	0.5	0.899999976	2000	-90	-24	1	0.00230000005
6920	0.5	0.899999976	2000	-90	-22	359	0.00240000011
6921	0.5	0.899999976	2000	-90	-22	359	0.00249999994
6922	0.5	0.899999976	2000	-90	-12	359	0.00209999993
6923	0.5	0.899999976	2000	-90	-12	359	0.00230000005
6924	0.550000012	0.99000001	2000	90	223	180	0.00219999999
6926	0.5	0.899999976	2000	-90	-31	-1	0.00159999996
6927	0.5	0.899999976	2000	-90	-31	-1	0.00179999997
6928	0.550000012	0.649999976	2000	-90	-48	-1	0.00079999998
6929	0.5	0.649999976	2000	-90	-48	-1	0.00100000005
6930	0.5	0.899999976	2000	-90	-49	1	0.0013
6931	0.5	0.899999976	2000	-90	-49	1	0.00150000001
6932	0.5	0.550000012	2000	180	180	180	0.00350000011
6933	0.5	0.550000012	2000	180	180	180	0.00350000011
6934	0.5	0.899999976	2000	-90	-22	359	0.000699999975
6935	0.5	0.899999976	2000	-90	-22	359	0.000699999975
6936	0.5	0.899999976	2000	-90	-34	359	0.0013
6937	0.5	0.899999976	2000	-90	-34	359	0.00150000001
6938	0.5	0.899999976	2000	-90	-39	359	0.00219999999
6939	0.5	0.899999976	2000	-90	-39	359	0.00230000005
6940	0.5	0.899999976	2000	-90	-20	359	0.00249999994
6941	0.5	0.899999976	2000	-90	-20	359	0.00270000007
6942	0.5	0.899999976	2000	-90	-25	359	0.00249999994
6943	0.5	0.899999976	2000	-90	-25	359	0.00270000007
6944	0.5	0.899999976	2000	-90	-27	359	0.00150000001
6945	0.5	0.899999976	2000	-90	-27	359	0.00179999997
6946	0.5	0.899999976	2000	-90	-5	359	0.00230000005
6947	0.5	0.899999976	2000	-90	-5	359	0.00249999994
6948	0.5	0.899999976	2000	-90	-9	359	0.00230000005
6949	0.5	0.899999976	2000	-90	-9	359	0.00249999994
6950	0.5	0.899999976	2000	-90	-17	359	0.00230000005
6951	0.5	0.899999976	2000	-90	-17	359	0.00249999994
6952	0.5	0.899999976	2000	-90	-26	359	0.00230000005
6953	0.5	0.899999976	2000	-90	-26	359	0.00249999994
6954	0.5	0.899999976	2000	-90	-32	359	0.00079999998
6955	0.5	0.899999976	2000	-90	-36	359	0.000899999985
6956	0.5	0.899999976	2000	-90	32	359	0.00079999998
6957	0.5	0.899999976	2000	-90	32	359	0.000899999985
6958	0.5	0.899999976	2000	-90	-34	359	0.0013
6959	0.5	0.899999976	2000	-90	-34	359	0.00159999996
6960	0.5	0.899999976	2000	-90	-44	359	0.00120000006
6961	0.5	0.899999976	2000	-90	-44	359	0.0013
6962	0.5	0.899999976	2000	-90	-41	359	0.000699999975
6963	0.5	0.899999976	2000	-90	-41	359	0.00079999998
7006	0.529999971	1	2000	-90	0	1	0.000899999985
7168	0.5	0.829999983	2000	270	-10	0	0.00350000011
7169	0.5	0.949999988	2000	270	-10	0	0.00350000011
7170	0.5	0.949999988	2000	270	-10	0	0.00350000011
7171	0.5	0.949999988	2000	270	-10	0	0.00350000011
7172	0.5	0.949999988	2000	270	-10	0	0.00350000011
7173	0.5	0.949999988	2000	270	-10	0	0.00350000011
7174	0.5	0.949999988	2000	270	-10	0	0.00350000011
7175	0.5	0.519999981	2000	270	-10	0	0.00249999994
7176	0.5	0.949999988	2000	270	-10	0	0.00350000011
7177	0.5	0.949999988	2000	270	-10	0	0.00350000011
7178	0.5	0.850000024	2000	270	-10	0	0.00350000011
7179	0.5	0.949999988	2000	270	-10	0	0.00350000011
7180	0.5	0.5	2000	270	-90	0	0.00350000011
7181	0.5	0.949999988	2000	270	-10	0	0.00350000011
7182	0.5	0.949999988	2000	270	-10	0	0.00350000011
7183	0.5	0.600000024	2000	10	-13	0	0.00359999994
7184	0.5	0.949999988	2000	270	-10	0	0.00350000011
7185	0.5	0.5	2000	270	-10	0	0.00350000011
7186	0.5	0.5	2000	270	-10	0	0.00350000011
7187	0.5	0.5	2000	270	-10	0	0.00350000011
7188	0.5	0.949999988	2000	270	0	0	0.00350000011
7189	0.5	0.5	2000	-90	-20	0	0.00200000009
7190	0.5	0.949999988	2000	270	-10	0	0.00249999994
7191	0.5	0.949999988	2000	270	-10	0	0.00249999994
7192	0.5	0.949999988	2000	270	-10	0	0.00249999994
7193	0.5	1.05999994	2000	270	-10	0	0.0027999999
7194	0.5	1.05999994	2000	270	-10	0	0.0027999999
7196	0.5	1.09000003	2000	270	-10	0	0.00350000011
7197	0.5	1.09000003	2000	270	-10	0	0.00350000011
7199	0.5	0.5	2000	270	-10	0	0.00350000011
7200	0.5	0.569999993	2000	0	-10	0	0.00200000009
7201	0.5	0.569999993	2000	0	-10	0	0.00200000009
7202	0.5	0.569999993	2000	0	-10	0	0.00200000009
7203	0.5	0.949999988	2000	270	-10	0	0.00350000011
7204	0.5	0.949999988	2000	270	-10	0	0.00350000011
7205	0.5	0.949999988	2000	270	-10	0	0.00350000011
7206	0.5	1.13999999	2000	270	-10	0	0.00350000011
7207	0.5	1.05999994	2000	270	-10	0	0.00350000011
7208	0.5	1.09000003	2000	270	-10	0	0.00350000011
7209	0.5	0.949999988	2000	270	90	0	0.00350000011
7210	0.5	0.949999988	2000	270	-10	0	0.00499999989
7211	0.129999995	0.939999998	2000	270	-10	-45	0.00350000011
7212	0.100000001	0.939999998	2000	270	-10	-45	0.00400000019
7213	0.5	0.949999988	2000	270	-10	0	0.00300000003
7214	0.5	0.5	2000	270	-10	0	0.00249999994
7215	0.5	0.5	2000	270	-10	0	0.00249999994
7216	0.5	0.5	2000	270	-10	0	0.00249999994
7217	0.5	0.949999988	2000	270	-10	0	0.00300000003
7218	0.5	0.949999988	2000	270	-10	0	0.00100000005
7219	0.5	1.11000001	2000	270	-10	0	0.00350000011
7220	0.5	0.949999988	2000	270	-25	0	0.00139999995
7221	0.5	0.5	2000	180	0	0	0.00079999998
7222	0.5	0.949999988	2000	270	0	0	0.00240000011
7223	0.5	0.949999988	2000	270	0	0	0.00139999995
7224	0.5	0.949999988	2000	270	0	0	0.00139999995
7225	0.5	0.949999988	2000	270	0	0	0.00139999995
7226	0.439999998	0.439999998	2000	-90	-10	0	0.0013
7227	0.439999998	0.460000008	2000	-90	-18	0	0.00139999995
7228	0.439999998	0.460000008	2000	-90	-18	0	0.00139999995
7229	0.5	0.5	2000	270	0	0	0.000899999985
7230	0.5	0.5	2000	270	0	0	0.000899999985
7231	0.5	0.409999996	2000	-50	-60	0	0.00700000022
7232	0.5	0.949999988	2000	270	0	0	0.00300000003
7233	0.540000021	0.569999993	2000	270	0	0	0.00300000003
7234	0.5	0.600000024	2000	270	0	0	0.00350000011
7235	0.5	0.649999976	2000	270	0	0	0.00350000011
7236	0.5	0.949999988	2000	270	-10	0	0.00300000003
7238	0.5	0.949999988	2000	270	0	0	0.0027999999
7239	0.5	0.949999988	2000	270	0	0	0.0027999999
7240	0.5	0.5	2000	0	0	0	0.00249999994
7241	0.5	0.5	2000	0	0	0	0.00249999994
7242	0.5	0.5	2000	0	0	0	0.00249999994
7243	0.5	0.5	2000	0	0	0	0.00249999994
7244	0.5	0.5	2000	0	0	0	0.00249999994
7245	0.5	0.5	2000	0	0	0	0.00249999994
7246	0.5	1	2000	270	0	0	0.00249999994
7247	0.5	1	2000	270	0	0	0.00249999994
7248	0.5	1	2000	270	0	0	0.00249999994
7249	0.5	1	2000	270	0	0	0.00249999994
7250	0.5	1	2000	270	0	0	0.00249999994
7251	0.5	0.5	2000	270	0	0	0.000899999985
7252	0.5	0.949999988	2000	270	0	0	0.00310000009
7253	0.5	0.949999988	2000	270	0	0	0.00439999998
7254	0.5	0.949999988	2000	270	0	0	0.00310000009
7255	0.5	0.949999988	2000	270	0	0	0.00609999988
7256	0.5	0.949999988	2000	270	0	0	0.00350000011
7257	0.5	0.949999988	2000	270	0	0	0.00350000011
7258	0.5	0.949999988	2000	270	0	0	0.00350000011
7259	0.5	1	2000	270	0	0	0.00240000011
7260	0.5	1	2000	270	0	0	0.00240000011
7261	0.5	1	2000	270	0	0	0.00240000011
7262	0.5	1	2000	270	0	0	0.00219999999
7263	0.5	1	2000	270	0	0	0.00240000011
7264	0.5	1.10000002	2000	270	0	0	0.0027999999
7265	0.5	0.5	2000	0	0	0	0.00249999994
7266	0.5	0.5	2000	0	0	0	0.00249999994
7267	0.620000005	1.09000003	2000	290	-40	0	0.00249999994
7268	0.49000001	0.5	2000	0	0	0	0.00400000019
7269	0.5	0.949999988	2000	270	-10	0	0.00400000019
7270	0.5	0.569999993	2000	0	0	30	0.00490000006
7271	0.5	0.540000021	2000	0	0	30	0.00400000019
7272	0.5	0.540000021	2000	0	0	30	0.00400000019
7273	0.5	0.540000021	2000	0	0	30	0.00400000019
7274	0.5	0.540000021	2000	0	0	30	0.00400000019
7275	0.5	0.540000021	2000	0	0	30	0.00400000019
7276	0.5	0.540000021	2000	0	0	30	0.00400000019
7277	0.5	0.540000021	2000	0	0	0	0.00300000003
7278	0.5	1.22000003	2000	270	-10	0	0.00400000019
7279	0.5	1.03999996	2000	270	-10	0	0.00350000011
7280	1.00999999	0.910000026	2000	270	180	45	0.00350000011
7281	1.00999999	0.910000026	2000	270	180	45	0.00350000011
7282	0.5	0.600000024	2000	270	0	0	0.00380000006
7283	0.5	0.600000024	2000	270	0	0	0.00380000006
7284	0.5	0.600000024	2000	270	0	0	0.00380000006
7285	0.5	0.600000024	2000	270	0	0	0.00380000006
7286	0.5	0.600000024	2000	270	0	0	0.00380000006
7287	0.5	0.600000024	2000	270	0	0	0.00380000006
7288	0.5	0.5	2000	270	0	0	0.00350000011
7289	0.5	0.949999988	2000	270	-10	0	0.00350000011
7290	0.5	0.949999988	2000	270	-10	0	0.00350000011
7291	0.5	0.949999988	2000	270	-10	0	0.00350000011
7292	0.5	0.949999988	2000	270	-10	0	0.00350000011
7293	0.5	0.949999988	2000	270	-10	0	0.00350000011
7294	0.5	0.600000024	2000	270	0	0	0.00380000006
7295	0.5	0.600000024	2000	270	0	0	0.00380000006
7296	0.5	0.600000024	2000	270	0	0	0.00380000006
7297	0.5	0.600000024	2000	270	0	0	0.00380000006
7298	0.5	0.600000024	2000	270	0	0	0.00380000006
7299	0.5	0.600000024	2000	270	0	0	0.00380000006
7300	0.5	0.600000024	2000	270	0	0	0.00380000006
7301	0.5	0.949999988	2000	270	0	0	0.00300000003
7302	0.5	0.5	2000	270	0	0	0.00499999989
7303	0.5	0.5	2000	270	0	0	0.00499999989
7304	0.5	0.5	2000	270	0	0	0.00499999989
7305	0.5	0.5	2000	270	0	0	0.00499999989
7306	0.5	0.5	2000	270	0	0	0.00499999989
7307	0.5	0.5	2000	270	0	0	0.00499999989
7308	0.5	0.5	2000	0	0	0	0.00249999994
7309	0.5	0.949999988	2000	270	-10	0	0.00350000011
7310	0.5	0.949999988	2000	270	-10	0	0.00350000011
7311	0.5	0.949999988	2000	270	-10	0	0.00350000011
7312	0.5	0.949999988	2000	270	-10	0	0.00350000011
7313	0.5	0.5	2000	270	0	0	0.00179999997
7314	0.5	0.5	2000	270	0	0	0.00179999997
7315	0.5	0.5	2000	270	0	0	0.00179999997
7316	0.5	0.5	2000	270	0	0	0.00179999997
7317	0.5	0.5	2000	270	0	0	0.00179999997
7318	0.5	0.5	2000	270	0	0	0.00179999997
7319	0.649999976	0.49000001	2000	270	0	0	0.00230000005
7320	0.649999976	0.49000001	2000	270	0	0	0.00230000005
7321	0.5	0.949999988	2000	270	0	0	0.00300000003
7322	0.5	0.949999988	2000	270	-10	0	0.00350000011
7323	0.5	0.540000021	2000	270	-10	0	0.00350000011
7324	0.730000019	0.730000019	2000	180	270	15	0.00240000011
7325	0.5	0.949999988	2000	270	0	0	0.00139999995
7326	0.5	0.949999988	2000	270	0	0	0.00139999995
7327	0.5	0.949999988	2000	270	0	0	0.00139999995
7328	0.5	0.5	2000	270	0	0	0.00100000005
7329	0.49000001	0.49000001	2000	-90	0	0	0.00159999996
7330	0.469999999	0.850000024	2000	270	0	0	0.00219999999
7331	0.5	1.61000001	2000	270	-10	0	0.00419999985
7332	0.519999981	0.49000001	2000	-90	0	0	0.00400000019
7333	0.5	0.5	2000	0	0	0	0.00270000007
7334	0.5	0.5	2000	0	0	0	0.00270000007
7337	0.5	1	2000	270	0	0	0.00240000011
7338	0.649999976	0.49000001	2000	270	0	0	0.00230000005
7339	0.649999976	0.49000001	2000	270	0	0	0.00230000005
7340	0.5	1	2000	270	0	0	0.00300000003
7341	0.5	1	2000	270	0	0	0.00300000003
7342	0.5	1	2000	270	0	0	0.00300000003
7343	0.5	1	2000	270	0	0	0.00300000003
7344	0.5	0.949999988	2000	270	-10	0	0.00350000011
7345	0.5	0.949999988	2000	270	-10	0	0.00350000011
7346	0.5	0.949999988	2000	270	-10	0	0.00350000011
7347	0.5	0.949999988	2000	270	-10	0	0.00350000011
7348	0.5	0.949999988	2000	270	-10	0	0.00350000011
7349	0.5	0.949999988	2000	270	-10	0	0.00350000011
7350	0.5	0.949999988	2000	270	-10	0	0.00350000011
7351	0.5	0.949999988	2000	270	-10	0	0.00350000011
7352	0.5	0.949999988	2000	270	-10	0	0.00350000011
7353	0.5	0.949999988	2000	270	-10	0	0.00350000011
7354	0.5	1	2000	270	-10	0	0.00350000011
7355	0.5	0.949999988	2000	270	-10	0	0.00350000011
7356	0.5	0.949999988	2000	270	-10	0	0.00350000011
7357	0.5	0.949999988	2000	270	-10	0	0.00350000011
7358	0.5	0.949999988	2000	270	-10	0	0.00350000011
7359	0.5	0.949999988	2000	270	-10	0	0.00350000011
7360	0.5	0.949999988	2000	270	-10	0	0.00350000011
7361	0.5	0.949999988	2000	270	-10	0	0.00350000011
7362	0.5	0.949999988	2000	270	-10	0	0.00350000011
7363	0.5	0.949999988	2000	270	-10	0	0.00350000011
7364	0.5	0.949999988	2000	270	-10	0	0.00350000011
7365	0.5	0.949999988	2000	270	-10	0	0.00350000011
7366	0.5	0.949999988	2000	270	-10	0	0.00350000011
7367	0.5	0.949999988	2000	270	-10	0	0.00350000011
7368	0.5	0.949999988	2000	270	-10	0	0.00350000011
7369	0.5	0.949999988	2000	270	-10	0	0.00350000011
7370	0.5	0.949999988	2000	270	-10	0	0.00350000011
7372	0.5	0.5	2000	0	0	0	0.00249999994
7373	0.5	0.5	2000	0	0	0	0.00249999994
7374	0.540000021	0.540000021	2000	0	0	0	0.00219999999
7375	0.540000021	0.540000021	2000	0	0	0	0.00219999999
7376	0.540000021	0.540000021	2000	0	0	0	0.00219999999
7377	0.519999981	1	2000	-90	-13	0	0.00179999997
7378	0.5	0.949999988	2000	270	-10	0	0.00400000019
7379	0.5	0.949999988	2000	270	-10	0	0.00400000019
7380	0.5	0.949999988	2000	270	-10	0	0.00400000019
7381	0.5	0.949999988	2000	270	-10	0	0.00400000019
7383	0.5	0.800000012	2000	270	0	0	0.00230000005
7384	0.519999981	0.600000024	2000	270	0	0	0.00200000009
7385	0.5	0.5	2000	270	-10	0	0.00249999994
7386	0.5	0.5	2000	270	-10	0	0.00249999994
7387	0.5	0.5	2000	270	-10	0	0.00249999994
7388	0.5	0.5	2000	270	-10	0	0.00249999994
7389	0.5	0.5	2000	270	-10	0	0.00249999994
7390	0.5	0.899999976	2000	270	-10	0	0.00350000011
7391	0.5	0.949999988	2000	270	0	0	0.00300000003
7392	0.5	0.899999976	2000	270	0	0	0.00179999997
7393	0.5	0.550000012	2000	1	0	1	0.00190000003
7394	0.5	0.550000012	2000	1	0	1	0.00190000003
7395	0.5	0.550000012	2000	1	0	1	0.00190000003
7396	0.5	0.550000012	2000	1	0	1	0.00190000003
7397	0.5	0.550000012	2000	1	0	1	0.00190000003
7398	0.5	0.550000012	2000	1	0	1	0.00190000003
7399	0.5	0.550000012	2000	1	0	1	0.00190000003
7400	0.5	0.550000012	2000	1	0	1	0.00190000003
7401	0.519999981	0.949999988	2000	91	-9	181	0.00219999999
7402	0.5	0.5	2000	270	-10	0	0.00249999994
7403	0.5	0.550000012	2000	1	0	1	0.00190000003
7404	0.5	0.600000024	2000	0	0	270	0.00319999992
7405	0.5	0.600000024	2000	0	0	270	0.0057000001
7406	0.5	0.600000024	2000	0	0	270	0.0057000001
7407	0.5	0.600000024	2000	0	0	270	0.0057000001
7408	0.5	0.600000024	2000	0	0	270	0.00380000006
7409	0.5	0.600000024	2000	0	0	270	0.00380000006
7410	0.50999999	1.02999997	2000	-90	0	-1	0.00449999981
7411	0.50999999	1.02999997	2000	-90	0	-1	0.00449999981
7413	0.5	0.600000024	2000	85	161	200	0.00319999992
7414	0.5	0.600000024	2000	85	161	200	0.00319999992
7415	0.5	0.600000024	2000	85	161	200	0.00319999992
7416	0.540000021	1.02999997	2000	-90	340	-1	0.00300000003
7417	0.540000021	1.02999997	2000	-90	340	-1	0.00300000003
7418	0.540000021	1.02999997	2000	-90	340	-1	0.00300000003
7419	0.50999999	1.04999995	2000	-90	359	-1	0.00240000011
7420	0.50999999	1.04999995	2000	-90	359	-1	0.00240000011
7421	0.50999999	1.04999995	2000	-90	359	-1	0.00240000011
7422	0.529999971	0.949999988	2000	90	0	180	0.00100000005
7423	0.5	0.949999988	2000	90	0	180	0.00100000005
7424	0.529999971	0.949999988	2000	90	0	180	0.00100000005
7425	0.529999971	0.949999988	2000	90	0	180	0.0013
7426	0.529999971	0.949999988	2000	90	0	180	0.00219999999
7427	0.529999971	0.949999988	2000	90	0	180	0.00219999999
7428	0.5	1.13999999	2000	-90	0	0	0.00270000007
7429	0.5	0.949999988	2000	270	0	0	0.0013
7430	0.5	0.949999988	2000	270	0	0	0.00150000001
7431	0.5	0.899999976	2000	270	0	0	0.00179999997
7432	0.5	0.899999976	2000	270	0	0	0.00179999997
7445	0.529999971	0.899999976	2000	-90	0	359	0.00240000011
7680	0.5	0.600000024	2000	270	-10	0	0.00249999994
7681	0.5	0.600000024	2000	270	-10	0	0.00249999994
7682	0.5	0.600000024	2000	270	-10	0	0.00249999994
7683	0.5	0.600000024	2000	270	-10	0	0.00249999994
7684	0.5	0.600000024	2000	270	-10	0	0.00249999994
7685	0.5	0.600000024	2000	270	-10	0	0.00249999994
7686	0.5	0.600000024	2000	270	-10	0	0.00249999994
7687	0.5	0.600000024	2000	270	-10	0	0.00249999994
7688	0.5	0.600000024	2000	270	-10	0	0.00249999994
7689	0.5	0.600000024	2000	270	-10	0	0.00249999994
7690	0.5	0.600000024	2000	270	-10	0	0.00249999994
7691	0.5	0.600000024	2000	270	-10	0	0.00249999994
7692	0.5	0.600000024	2000	270	-10	0	0.00249999994
7693	0.5	0.600000024	2000	270	-10	0	0.00249999994
7694	0.5	0.600000024	2000	270	-10	0	0.00249999994
7695	0.5	0.600000024	2000	270	-10	0	0.00249999994
7696	0.5	0.600000024	2000	270	-10	0	0.00249999994
7697	0.5	0.600000024	2000	270	-10	0	0.00249999994
7698	0.5	0.600000024	2000	270	-10	0	0.00249999994
7699	0.670000017	0.5	2000	270	0	0	0.00230000005
7700	0.670000017	0.5	2000	270	0	0	0.00230000005
7701	0.670000017	0.5	2000	270	0	0	0.00230000005
7702	0.670000017	0.5	2000	270	0	0	0.00230000005
7703	0.670000017	0.5	2000	270	0	0	0.00230000005
7704	0.670000017	0.5	2000	270	0	0	0.00230000005
7706	0.670000017	0.5	2000	270	0	0	0.00230000005
7707	0.670000017	0.5	2000	270	0	0	0.00230000005
7708	0.5	0.600000024	2000	270	-10	0	0.00249999994
7709	0.5	0.600000024	2000	270	-10	0	0.00249999994
7710	0.670000017	0.5	2000	270	0	0	0.00230000005
7711	0.670000017	0.5	2000	270	0	0	0.00230000005
7712	0.670000017	0.5	2000	270	0	0	0.00230000005
7713	0.670000017	0.5	2000	270	0	0	0.00230000005
7714	0.670000017	0.5	2000	270	0	0	0.00230000005
7715	0.670000017	0.5	2000	270	0	0	0.00230000005
7716	0.670000017	0.5	2000	270	0	0	0.00230000005
